33,260
33,258
33,174
33,230
33,247
33,234
33,249
33,255
33,229
33,228
33,295
33,246
33,267
33,214
33,252
33,291
33,251
33,245
33,245
33,244
33,247
33,306
33,229
33,316
33,236
33,238
33,211
33,202
33,187
33,260
33,311
33,246
33,229
33,256
33,313
33,255
33,266
33,219
33,351
33,250
33,270
33,196
33,167
33,227
33,218
33,204
33,253
33,225
33,217
33,249
33,245
33,236
33,324
33,220
33,290
33,229
33,247
33,291
33,317
33,248
33,244
33,231
33,270
33,307
33,252
33,212
33,344
33,281
33,201
33,252
33,230
33,307
33,233
33,238
33,198
33,266
33,298
33,268
33,226
33,266
33,225
33,219
33,313
33,256
33,187
33,232
33,259
33,286
33,230
33,290
33,312
33,265
33,211
33,219
33,245
33,243
33,184
33,296
33,253
33,225
33,238
33,297
33,220
33,221
33,224
33,314
33,241
33,181
33,274
33,243
33,278
33,278
33,199
33,261
33,237
33,274
33,262
33,237
33,250
33,245
33,226
33,227
33,237
33,247
33,339
33,324
33,249
33,315
33,253
33,278
33,261
33,295
33,297
33,234
33,232
33,270
33,347
33,217
33,315
33,282
33,211
33,257
33,232
33,294
33,204
33,217
33,286
33,210
33,222
33,217
33,246
33,197
33,236
33,302
33,209
33,257
33,279
33,285
33,163
33,312
33,226
33,223
33,263
33,245
33,257
33,279
33,230
33,262
33,279
33,256
33,263
33,211
33,237
33,238
33,290
33,268
33,271
33,193
33,306
33,317
33,254
33,243
33,298
33,214
33,294
33,290
33,303
33,287
33,261
33,290
33,337
33,263
33,211
33,258
33,263
33,203
33,279
33,192
33,270
33,231
33,261
33,236
33,273
33,238
33,256
33,317
33,292
33,254
33,233
33,242
33,229
33,222
33,361
33,229
33,221
33,273
33,224
33,263
33,277
33,247
33,208
33,251
33,297
33,285
33,252
33,264
33,245
33,260
33,234
33,217
33,296
33,253
33,285
33,247
33,226
33,194
33,276
33,250
33,234
33,245
33,287
33,228
33,248
33,336
33,235
33,269
33,266
33,245
33,180
33,264
33,233
33,235
33,314
33,285
33,275
33,308
33,279
33,236
33,209
33,232
33,276
33,186
33,240
33,273
33,283
33,285
33,269
33,192
33,252
33,228
33,280
33,286
33,201
33,266
33,228
33,238
33,289
33,285
33,182
33,261
33,296
33,263
33,255
33,251
33,284
33,253
33,299
33,262
33,211
33,212
33,273
33,257
33,257
33,247
33,227
33,232
33,289
33,233
33,184
33,266
33,257
33,187
33,316
33,237
33,200
33,272
33,278
33,272
33,200
33,218
33,293
33,211
33,210
33,261
33,223
33,266
33,290
33,302
33,218
33,237
33,302
33,259
33,308
33,296
33,243
33,221
33,253
33,248
33,171
33,231
33,283
33,246
33,319
33,231
33,244
33,257
33,276
33,290
33,252
33,206
33,275
33,220
33,229
33,198
33,182
33,254
33,277
33,267
33,289
33,301
33,245
33,223
33,284
33,228
33,253
33,305
33,287
33,291
33,290
33,378
33,208
33,248
33,276
33,270
33,281
33,269
33,175
33,280
33,261
33,323
33,264
33,294
33,278
33,248
33,219
33,270
33,229
33,336
33,292
33,274
33,259
33,232
33,189
33,236
33,275
33,281
33,230
33,212
33,285
33,261
33,294
33,220
33,339
33,185
33,222
33,272
33,204
33,266
33,252
33,215
33,246
33,230
33,239
33,209
33,244
33,279
33,237
33,282
33,254
33,323
33,258
33,336
33,265
33,281
33,313
33,268
33,225
33,258
33,291
33,236
33,271
33,221
33,236
33,324
33,247
33,203
33,252
33,222
33,256
33,255
33,195
33,210
33,216
33,243
33,246
33,300
33,234
33,163
33,161
33,253
33,232
33,256
33,237
33,222
33,287
33,279
33,255
33,240
33,205
33,198
33,266
33,231
33,307
33,245
33,259
33,245
33,245
33,306
33,232
33,234
33,193
33,253
33,230
33,222
33,294
33,242
33,273
33,239
33,229
33,277
33,245
33,259
33,222
33,245
33,247
33,248
33,185
33,290
33,249
33,262
33,255
33,217
33,278
33,290
33,246
33,199
33,237
33,281
33,239
33,267
33,215
33,237
33,233
33,248
33,304
33,347
33,322
33,205
33,233
33,281
33,241
33,229
33,237
33,311
33,203
33,207
33,231
33,266
33,281
33,284
33,211
33,178
33,190
33,261
33,272
33,286
33,257
33,266
33,233
33,231
33,291
33,266
33,252
33,316
33,251
33,268
33,230
33,316
33,249
33,211
33,303
33,295
33,276
33,207
33,251
33,253
33,267
33,199
33,292
33,221
33,274
33,247
33,251
33,260
33,350
33,223
33,272
33,256
33,231
33,259
33,293
33,247
33,244
33,241
33,141
33,210
33,221
33,247
33,273
33,251
33,283
33,287
33,258
33,247
33,243
33,222
33,288
33,280
33,270
33,279
33,241
33,231
33,278
33,321
33,224
33,293
33,224
33,212
33,181
33,244
33,214
33,304
33,250
33,235
33,227
33,246
33,199
33,322
33,244
33,262
33,269
33,244
33,330
33,244
33,189
33,247
33,268
33,225
33,249
33,362
33,311
33,245
33,271
33,275
33,249
33,236
33,243
33,249
33,204
33,260
33,226
33,210
33,249
33,279
33,215
33,265
33,249
33,261
33,216
33,263
33,204
33,233
33,237
33,191
33,195
33,282
33,246
33,206
33,234
33,193
33,276
33,252
33,333
33,271
33,241
33,296
33,298
33,282
33,249
33,252
33,217
33,272
33,303
33,276
33,299
33,253
33,259
33,251
33,241
33,329
33,307
33,286
33,226
33,269
33,266
33,256
33,301
33,212
33,236
33,289
33,188
33,247
33,339
33,223
33,260
33,267
33,263
33,267
33,270
33,235
33,255
33,262
33,268
33,313
33,218
33,265
33,232
33,231
33,230
33,263
33,251
33,208
33,268
33,227
33,287
33,263
33,246
33,227
33,232
33,293
33,243
33,222
33,295
33,219
33,287
33,194
33,289
33,267
33,230
33,251
33,197
33,194
33,284
33,226
33,305
33,263
33,212
33,276
33,224
33,241
33,291
33,212
33,280
33,197
33,260
33,265
33,207
33,241
33,275
33,351
33,234
33,202
33,269
33,207
33,211
33,279
33,220
33,233
33,195
33,246
33,219
33,215
33,252
33,222
33,252
33,288
33,228
33,184
33,285
33,205
33,257
33,275
33,218
33,287
33,266
33,223
33,269
33,246
33,209
33,249
33,269
33,310
33,218
33,227
33,272
33,249
33,339
33,254
33,244
33,217
33,248
33,304
33,201
33,174
33,256
33,277
33,275
33,243
33,252
33,278
33,230
33,257
33,234
33,263
33,247
33,280
33,324
33,225
33,290
33,241
33,218
33,268
33,227
33,239
33,230
33,253
33,282
33,234
33,284
33,269
33,269
33,284
33,242
33,287
33,246
33,248
33,182
33,236
33,235
33,261
33,273
33,284
33,242
33,305
33,279
33,249
33,273
33,266
33,237
33,259
33,237
33,268
33,222
33,244
33,262
33,248
33,228
33,280
33,299
33,230
33,300
33,208
33,239
33,235
33,237
33,309
33,260
33,234
33,214
33,247
33,264
33,174
33,258
33,240
33,265
33,241
33,302
33,300
33,260
33,259
33,255
33,237
33,306
33,201
33,233
33,247
33,279
33,269
33,259
33,231
33,246
33,243
33,251
33,269
33,209
33,217
33,255
33,246
33,209
33,194
33,215
33,228
33,238
33,315
33,204
33,336
33,269
33,176
33,262
33,274
33,295
33,221
33,257
33,226
33,267
33,254
33,235
33,242
33,247
33,183
33,284
33,267
33,258
33,256
33,259
33,227
33,261
33,265
33,267
33,257
33,191
33,208
33,271
33,297
33,282
33,249
33,169
33,224
33,213
33,250
33,277
33,261
33,211
33,293
33,248
33,265
33,260
33,289
33,212
33,197
33,201
33,280
33,267
33,273
33,172
33,230
33,232
33,287
33,215
33,249
33,266
33,241
33,259
33,177
33,293
33,182
33,233
33,225
33,249
33,282
33,230
33,284
33,265
33,253
33,208
33,244
33,272
33,276
33,311
33,268
33,221
33,243
33,261
33,204
33,215
33,255
33,256
33,273
33,254
33,261
33,243
33,276
33,231
33,252
33,256
33,252
33,257
33,260
33,212
33,279
33,285
33,288
33,203
33,237
33,314
33,274
33,293
33,230
33,239
33,246
33,224
33,264
33,266
33,231
33,265
33,280
33,276
33,287
33,233
33,262
33,240
33,185
33,208
33,211
33,188
33,285
33,204
33,238
33,299
33,293
33,219
33,275
33,300
33,274
33,271
33,211
33,222
33,257
33,244
33,231
